28137
26613
29624
30384
29526
29257
27057
28662
29130
15483
30394
26058
23904
23203
27842
28643
30132
28481
29597
27973
27682
26990
27450
29281
24313
23714
28402
29537
15416
29563
29920
29261
27413
27999
27970
23536
14171
24236
25671
30209
27011
30175
27404
11945
4795
28571
29946
27030
23847
21171
28972
27726
28199
26605
28787
29582
28441
29787
27024
23130
25037
28289
29796
29790
30305
27430
30053
27761
27528
28024
27579
21376
22532
23694
27736
30887
27942
27985
26792
28597
28826
28491
27715
27264
25169
24264
26294
30460
28787
26024
29719
30716
28361
26700
27941
26204
10359
22450
27286
27702
30095
28781
29030
30827
28173
25896
26509
24797
23509
23832
28215
29147
29859
29293
29774
28024
25287
26951
23992
24526
25557
26191
27451
29940
29888
26451
27624
28281
27943
15768
30505
25991
24767
16724
29785
32540
27118
29992
30587
28643
30977
23387
22464
19970
22554
21796
23825
22736
23228
23451
23545
23337
22734
23307
23098
19169
13908
16292
23309
24543
23972
23828
24257
24325
21880
23063
24057
13712
14259
22105
12896
24761
24320
24499
23821
23889
22700
22547
23601
20912
20233
13014
22690
23810
23917
25192
23970
22655
21041
20007
20964
18688
21216
20448
22599
24078
23141
24959
23735
23016
24849
8956
22292
21938
20060
15782
24546
23696
22807
24512
24175
23728
21527
23560
22982
23870
24486
23431
20221
20212
15955
23200
24457
23356
23322
24049
24346
24862
23323
23950
19327
19304
17434
24953
23454
24498
23791
23752
23309
23284
24061
23430
20989
14395
16348
24046
24135
23945
23904
24594
24885
25180
24261
23260
19750
24331
19141
22179
24088
23390
24432
24199
24215
22236
21551
20847
19923
21695
20918
23596
23481
22998
24074
23813
24325
16438
14849
21461
18729
19542
20076
22817
24413
23785
24565
23970
23223
24109
23218
24414
20097
20678
15828
24339
23916
16810
22874
22029
21373
23101
23175
24668
19663
15925
13136
24615
16311
17386
24459
23410
25039
23271
28749
23205
20404
20277
19526
21653
22502
23665
22955
24620
23301
23292
21173
21326
18739
19731
13314
22888
24118
22368
22310
23405
24406
24197
24269
24160
20840
19834
19798
23018
23848
24210
24481
24270
23152
19385
20984
20937
14398
20765
17465
23765
23323
23450
24606
24696
23310
23462
22500
22248
20122
