57426
56726
56717
56074
57661
56144
57774
55267
57294
57535
56181
49751
56207
56462
56387
56547
57432
56256
54003
55875
56380
57766
57346
56859
51761
56403
57582
57012
57257
49108
56616
56948
57914
57591
57674
56804
56601
45536
56881
57082
52099
56445
57456
57623
56816
56292
55519
55860
55889
55779
56494
57805
55877
56745
56379
57803
56196
56016
56067
57147
56340
56387
56177
56652
56210
55826
57889
57915
57583
55926
56609
57241
57366
56982
57813
56712
56969
57149
56931
57388
56350
57290
56367
56290
56942
56620
52321
55195
53907
56842
57920
56403
56864
53977
56314
56317
57325
56487
57610
57689
57400
57330
53673
57739
56629
56103
56869
56318
57205
56937
56778
57543
56468
56195
56466
56654
57398
57205
56179
56067
56495
56907
55754
56538
50506
57007
56472
56875
57548
36640
57259
56928
56447
56490
57819
57882
54830
52611
56421
56709
57536
56671
56846
57722
57520
56655
55521
55843
56309
57464
57836
53457
57227
55867
53716
52357
53477
57066
56187
57133
57446
45975
56097
56189
51552
53611
51539
57689
57682
55598
57636
56319
56348
57387
58052
57818
56456
56347
58019
56374
53143
57591
57715
55030
57593
57544
56287
55722
56597
56306
56123
50740
57096
55490
56082
57066
55277
57107
56816
57033
55389
56502
57672
56529
56197
55760
55483
52056
55964
55799
37505
56399
57138
56801
56926
54537
55592
55072
55154
52289
53436
56933
57426
56333
56631
55224
57082
55765
57168
55587
56201
56211
56669
55051
56128
56802
56705
56409
56037
56393
56385
55947
57190
56824
56372
56926
56036
56939
56186
