149535
156987
145256
147129
150439
159446
84116
153699
137852
154808
159891
152375
146757
139093
143479
147381
98699
128415
158816
157922
152560
155983
159699
141192
139154
153711
142585
160787
158388
158025
151520
145761
145130
154926
160421
152302
135734
156673
143981
160375
154023
158159
145945
150007
152317
152956
145746
91273
144136
147482
154558
158331
151229
157999
152423
152805
127328
156965
143532
132971
157723
160329
149260
157284
133949
160228
148867
148681
144840
148331
111972
157322
132333
159261
150245
150431
134729
148332
101380
144133
147258
133182
152251
151656
130646
147572
151057
151416
156317
145998
150789
147584
145657
153442
144015
147529
158484
147982
152593
149149
153091
151690
159928
156196
152662
135685
148292
148781
137205
151882
143452
158801
159847
153349
148641
146517
140189
162059
159184
157796
157338
158335
151652
158720
159062
151224
148667
157675
148001
150789
147404
151192
150864
150544
158847
149770
157220
157456
148487
136347
142125
153760
146302
157756
146629
150124
125724
158901
149325
146234
149175
150184
135779
148349
148974
151134
151412
161412
146039
160481
160513
159821
159075
157537
145515
159365
140926
147356
156889
145266
154931
151561
160109
148746
135581
146051
151357
159632
146344
148268
134496
157250
146528
157465
153107
126273
135790
158185
96516
150943
131612
153588
130075
150472
130836
158487
157589
158057
132006
149600
142255
133947
150215
147827
156331
151994
150612
158979
160536
158001
156333
147267
145263
149770
159810
125976
157365
160277
154570
150374
150714
149426
159394
143127
146519
161503
151012
148016
158360
151048
160358
147599
144349
156417
158179
129324
157289
148312
147357
155162
150718
155598
159443
143410
145268
156696
152570
121782
153843
155090
147327
146012
151364
157584
151664
158073
147912
156416
159503
143933
152307
153557
125846
155767
154454
147741
130576
150676
146911
154762
149606
148887
152622
150568
137843
151179
132535
152111
149989
149984
149735
160321
146902
135954
158234
152452
