48376
207210
206071
197540
248436
253853
133605
252197
257630
119909
146813
142226
97424
110965
105264
190008
263137
204924
224334
286402
216991
278272
155442
162720
154588
135968
103776
185964
161990
282782
166506
272801
260201
123541
85655
84201
108698
263861
244566
169513
212713
231904
221928
253819
211946
257771
223033
86249
109867
134504
235875
209481
267649
246858
286786
205257
210825
229080
154836
100136
231921
95652
261551
230580
160263
239266
228969
205264
195922
240640
178676
147882
102417
77510
199574
157080
185954
207780
234221
187562
271719
208445
153799
200666
135749
181268
169474
207527
242691
219255
176228
188325
203825
236638
207622
130317
32988
148681
100242
239841
201829
228952
188146
156708
215569
219026
137080
179504
106267
143147
110212
148592
92810
84416
100784
116288
161823
137431
205259
271763
97505
125591
147253
197331
197941
172500
249308
134744
261256
227964
162694
113619
85966
220791
217432
220912
182763
215205
253951
237192
267618
195965
140516
217015
285941
252949
144963
88830
84199
223179
209589
272099
226782
278696
236087
269293
253124
256542
191606
73626
70397
172128
144975
231595
272591
210262
239853
213464
243455
256039
193822
174347
102798
138210
283626
196706
216244
88599
176601
167501
104822
192785
161041
140863
161251
142402
218843
235997
255389
181771
240043
170177
117749
151104
73967
66411
45624
119893
244875
276529
276243
152971
179920
142418
115859
280420
138217
65811
69262
246290
274943
288949
270760
246830
250552
271926
251242
193176
198035
176800
64686
175860
223622
248815
256821
221371
124178
63701
232642
164640
276947
275985
161841
133092
155513
215030
214232
122791
249589
216177
180536
211332
267614
203413
153193
129065
224139
180036
107605
73355
172265
123481
191233
226236
262932
235509
154363
202107
137632
81536
123854
144660
176434
67376
51687
197378
235249
298752
88387
162783
234315
269054
245902
274734
159595
183803
95994
211542
174553
187843
137958
161859
221359
223653
254946
240615
156562
262353
271120
253030
251576
154783
196341
118003
235556
242157
276936
274472
180008
212869
202636
187760
196505
170308
137055
59381
145771
140606
220101
278117
171081
285004
276155
198478
297078
107782
80122
45578
33763
97359
69375
102751
299738
238511
191753
297015
289489
218426
144129
84007
188385
120550
175992
212489
201903
201199
144472
193706
146509
141849
119034
81799
23166
250372
197607
216157
100867
173487
213783
137682
95420
137154
