272802
244501
230237
245595
303474
303562
269805
274563
294783
231580
270842
298503
195319
301726
276775
271514
242584
278515
302521
277738
303310
133205
276236
299561
302769
300759
149207
275222
287325
276355
303809
302463
290009
301568
196228
275926
299150
264906
185854
261874
239514
277269
219422
292565
300192
303156
226093
250702
273857
252157
227380
277719
289792
222769
276594
190353
205504
301000
302671
278123
303264
238183
276470
275616
244263
263138
300021
277244
278004
303236
266574
276705
279208
228635
269717
276046
224359
296248
264020
283147
278645
269127
196264
237182
303168
206330
303295
301127
246371
215041
221448
211806
303966
271549
278053
291921
246965
303464
267569
275942
274408
270582
262210
295832
303164
297428
187163
273680
301217
297860
301801
299345
248582
200202
303339
211769
303031
278664
275812
276925
303140
278445
281444
275569
296201
300713
302957
196904
277848
298994
293256
301400
119234
298439
273872
214705
273392
224187
301979
276342
275527
274621
278196
275478
221493
293545
265009
279149
225877
302497
298829
263638
301070
276605
174092
276403
302646
225643
273174
237322
296744
202583
298966
278364
263411
276310
171897
238613
266271
292934
281791
304430
186787
267505
303324
299966
297661
124939
243467
149476
233363
234480
283897
279690
302661
303994
295664
294297
200874
266751
279030
279428
198395
213933
293829
187383
