365611
508024
504235
515575
509349
354161
517995
510228
308662
318568
499742
501268
353729
319141
507989
511577
321578
361893
353369
351916
503068
510159
507456
513307
513765
515507
491762
362199
517960
364031
360438
365547
511317
504895
492429
357893
472166
323758
490907
317388
312815
513448
519091
521241
360069
508254
343796
309878
356222
489283
502239
359070
359828
519255
514623
354708
506642
522439
520009
507568
313388
342949
517394
510006
361559
510999
522001
513768
519709
516551
357135
503558
461838
504649
521840
358301
354388
524547
513485
521337
319350
518607
358512
364461
500970
501353
319680
521230
520353
523376
359638
362694
511752
362558
360371
355877
451149
359569
359303
525240
513430
512413
513903
500939
510942
502789
508660
339197
350857
324254
515182
502528
358947
319446
511802
505722
510195
500904
464182
488513
357223
505487
515413
358433
356979
515937
498469
520060
524097
351958
486085
503358
356322
519299
520829
494215
512960
513821
514365
369342
499118
413233
357591
514844
361290
321525
358239
512489
526926
348428
524668
516377
359958
352995
502984
359448
416446
362102
517997
360926
515169
362317
357588
516675
517576
357650
352059
496863
510140
515815
514426
511843
514315
362922
359357
515454
508253
511679
358471
352041
357458
509935
320978
510580
515799
497728
492578
349803
351309
495747
332105
353239
499607
362382
361415
315737
504897
318820
493756
352217
351419
448244
491965
358450
353983
512602
512015
513011
351646
356468
353306
347167
311627
288706
338501
513145
362058
355456
497542
355232
355023
516234
354601
507402
499139
482497
492630
354334
507712
359522
351690
521093
523125
358586
509924
518644
504449
356749
519305
510905
318752
359113
515572
520703
523852
357401
351027
508742
478498
482558
509890
500355
360486
360347
506991
516296
511565
357336
356035
509765
472283
310950
504958
513335
358345
358534
500652
512213
352732
356187
488399
491168
351654
356645
322206
517421
316804
307851
360962
356784
347908
312016
501069
312491
504924
511570
319037
355517
511305
507422
496519
511037
346676
352549
492140
347989
355356
510735
365966
320421
317835
314755
354147
524155
322141
479255
343852
498919
509130
513877
354498
502686
354093
511068
516510
527920
525851
361011
500498
346167
512176
520736
353851
346594
350059
363427
521707
529730
350047
521470
313641
323808
520939
527980
364643
365295
356546
354127
495471
525079
524103
508878
507613
342489
356969
512775
523824
344731
518519
350354
495886
530465
361482
509223
358917
349587
516986
365697
367598
367675
353599
311777
507267
349249
313056
516357
