466671
460487
527765
499832
582900
624992
621893
501681
432142
466407
463416
467464
469121
320652
441053
548679
548967
591011
501170
609613
501734
485012
438935
406479
400242
490501
480119
452430
517948
480537
500080
455836
438785
604352
524769
409837
339170
396913
456881
599650
511104
628082
632615
514646
603101
592056
611327
453138
219619
486990
414641
480378
628303
633930
629051
563572
615607
610064
494055
475719
319497
275055
615578
425191
399877
617288
485326
600957
521404
488736
390991
484735
507967
474725
485492
491701
634805
612319
474855
511481
512699
400513
493118
582638
575415
266312
382329
508467
511338
632035
490573
514079
516002
589747
513055
438607
482702
508836
414067
604795
545104
585292
512928
589294
633171
470285
471945
425890
474022
502220
514571
566152
628251
624628
520986
398381
479461
371770
339670
483096
371511
599386
407205
619632
627128
476412
507721
586548
619146
507115
616714
577507
275797
466137
383288
585871
588063
602428
510246
628657
516395
488474
513542
443498
341498
526072
481849
502466
477330
496715
486928
460818
496796
627199
503400
498449
478050
530932
607470
579243
514527
625641
630553
518459
564800
522263
507287
469724
378374
353836
537920
484085
621802
584820
509936
515782
451916
607965
486162
493724
562591
609037
491651
488953
550472
612990
635081
463390
537477
605158
597449
393018
625056
417156
484622
471879
609775
430415
627640
442562
482223
542243
393080
361758
563236
313655
418763
489659
451455
628700
477449
606483
588613
554872
355379
459928
323224
362782
388730
600202
479596
515413
465874
482168
611471
494286
595651
443167
350776
386837
386543
482875
426393
401368
600637
572011
517137
501454
491650
372991
272793
443230
326521
415094
634496
603498
480201
529993
454164
616061
607327
392605
414114
514343
516964
614612
507959
620751
509024
615308
443024
470395
637778
505031
354137
581562
517865
583415
492030
488763
511049
626345
375339
375389
521911
592117
432140
446925
497710
430040
643245
620358
634666
490438
281298
557499
418594
556588
530446
424837
458848
512754
492499
510200
508603
438995
630271
500356
509767
472519
320959
493121
494239
627837
503264
620885
619884
479646
630289
507801
524597
596920
435645
299496
459673
455013
615324
471357
566916
631262
421124
619740
592208
502497
438584
313256
448904
500062
492825
634405
621085
602574
412388
589274
618748
486722
281398
253915
564070
487266
473560
513566
569838
362267
614114
520554
563430
444695
542683
460263
567444
631151
503132
500131
512267
457069
483361
506315
482812
517670
565213
478032
612563
482182
606677
505322
449181
441591
483263
485404
