605356
691649
629918
640304
690622
691687
674384
673510
673937
674964
549407
641960
558773
623327
678442
684539
697429
643134
569361
604109
694923
692318
629974
653670
609673
685915
678628
620672
678459
594199
642348
650480
698740
471165
629384
699472
641093
695306
689142
566888
691819
681408
687914
659992
442447
567674
513735
662001
690955
686504
664127
614082
683823
380066
474894
699190
690610
683336
661840
662422
551942
425225
621188
632796
647773
614026
576998
680774
652875
536607
691694
532383
645552
612424
685386
594981
651937
378427
589948
598659
561987
587113
684511
629809
610755
662202
677847
696276
673549
435989
656603
635581
687749
685241
347001
593100
565431
656073
703423
688237
681928
673818
692623
547278
625221
356711
591875
672521
619551
622044
613285
682231
651137
683259
650405
667133
671449
654460
658462
613860
620501
655031
648996
679898
663148
645509
674309
700777
694671
700707
691488
622695
680060
659112
659088
697225
708505
636019
418657
672685
698884
643387
636997
653807
639785
644093
552606
551288
545920
682529
680268
671735
647521
639326
677812
617569
675243
624835
639916
685246
585858
607011
696776
462240
631204
617986
656555
691740
664400
703677
634480
684860
622934
643249
631366
669675
694001
640835
625290
642381
406308
675265
608237
621483
606502
667308
680347
667597
636570
643296
699265
654807
600405
690817
697559
687386
499069
656601
658774
696630
671786
645437
580368
688134
628237
568829
657984
651816
623593
603577
689092
627881
654284
663928
616970
578277
625990
481866
640025
699597
618732
702501
677610
677746
679212
444895
576861
632967
702847
640312
656363
456927
704598
675431
663358
637315
693444
665662
582419
634302
665124
682918
702642
628203
691581
694420
683225
581833
610980
694766
383380
640460
672800
604387
511706
663912
633269
614457
567315
701303
623697
704644
673332
542291
636325
345705
662006
687570
594192
493859
704301
699222
690972
706642
631453
697420
637099
