821224
818854
845360
894654
846512
912233
659650
831046
610125
894907
751366
775464
825744
715420
826994
749399
781825
651941
852519
577738
863610
810838
758576
898105
642410
590258
877188
660322
695781
911461
816850
719547
655770
732340
860660
605935
646714
685400
621881
775654
726653
575927
868517
743789
842447
757923
814110
816410
892104
776946
813343
685078
886985
761009
601805
657091
892955
655298
920116
808396
719967
760990
893088
800534
819759
852660
605334
801413
622552
839213
788684
803619
837663
840252
863147
626781
759769
648306
779421
863015
698460
808437
664461
515034
850323
645999
896926
821418
836807
852011
885020
655081
831468
879896
854199
772308
687835
791960
758791
803231
785655
853301
693807
884548
887902
843964
804717
709013
816673
663632
898399
704611
916975
815455
845681
867862
882993
725891
887191
821772
823525
836091
636338
688187
849739
764382
724328
803953
784025
859492
758202
679991
775082
761448
952278
769634
750818
928992
743324
795876
768991
992669
809366
748996
720402
872184
839740
862433
939626
956517
915476
849787
823344
953634
852434
903455
715853
677194
784375
617643
756498
763778
790587
664144
768336
871695
700826
821623
711834
627383
797638
802423
952306
921635
750559
722201
907479
672249
806516
647094
865065
646301
730694
905050
848532
807105
892122
732294
859256
705791
925636
570748
804567
805545
810729
813215
849853
773647
709435
872756
770319
821262
790645
886809
744112
763113
626198
814496
886875
773344
878614
884526
778428
800661
818571
645147
749078
747874
857087
720491
598601
891828
811041
918309
838536
857730
796028
622841
895446
715760
844504
563422
917129
656419
665676
548394
655539
706575
580288
702470
602386
677250
769229
849154
919095
922594
624567
899143
846802
814551
735605
887068
849401
865669
