513849
840153
610933
832183
856527
750498
1102743
761081
537789
547616
1088154
770963
1081381
855739
823590
1115696
918111
766392
782460
1039630
1080093
1089659
717330
893379
1126774
492500
911438
829390
1045870
1115071
872835
1089708
658279
695567
857011
1026158
687549
855665
826481
980548
694214
670125
791682
862946
866026
909370
846746
725856
963110
1038384
1096860
1069030
831069
857751
1054411
880260
850318
747430
912097
913349
1084187
1089312
707169
664764
1063013
785141
870202
568495
618059
916215
854680
808259
655151
832227
1117729
822068
856483
1088290
715931
616646
1129164
916501
541472
768225
925992
860294
1099653
970282
783234
764373
794895
715043
832767
839393
825599
1090214
839726
1009441
791592
829515
846899
638716
1136941
1132729
1083469
567133
1151009
847005
646456
1126218
850257
975097
1036142
824181
847684
874553
657812
967169
1116029
699373
632712
1100494
1160414
1041361
742989
1030314
794540
868991
881231
773308
820398
1029095
1045224
792240
645042
633042
774668
1066461
1049214
675486
1141991
769737
1113559
593220
636464
605324
973621
1169092
830444
571483
1158592
640620
1009934
562698
829854
972059
784840
857085
658617
945804
968627
1141925
790887
1132738
767711
772353
813878
795795
748829
1092373
1103249
843271
1121561
1019649
628810
836210
863910
1125009
869803
1140592
1169226
795315
972285
654204
936711
736359
1180295
887505
687641
852995
687361
1115829
822590
599973
1164289
839167
1104049
1066070
678363
1130008
942311
911687
898632
1135929
634792
466131
858668
853362
921240
790572
836334
781825
608468
841879
1150002
913913
928166
697733
1107574
610199
953785
1056572
923898
952256
1121664
1055940
534474
738960
745915
1134929
1150457
865167
757357
834115
829303
865133
761979
680121
842241
1127180
1164141
849021
1096368
1085501
902263
1137829
847258
1123978
771254
733286
575075
1164345
656845
924962
873016
1167686
843964
739356
627909
843611
1184038
865917
638056
679354
908646
634524
849595
870762
965730
614480
663471
762030
1158046
687283
1145941
1165073
462892
1115070
1140082
874877
586729
918883
760656
572734
1102812
1058995
774431
538744
811524
1104267
1166025
652829
712856
868773
