1081363
1095640
1112191
1109082
1078020
1104915
1082437
1111587
1094703
1127284
1111711
1047516
1018336
1097331
1077539
1147144
1122462
1059189
1112679
1074370
1128654
944835
1064419
1069261
1069237
1124261
1112320
1118358
1097067
1138811
1040814
683435
1110585
1138811
1069108
1082460
1072003
1133239
1069890
1122931
1140732
691159
1075816
1103401
692017
1112747
983623
1093948
1106788
1111785
1098676
693318
874399
1081796
1090643
1079467
1142049
1137421
1079623
1122020
1124258
954182
899786
1127789
1105363
1103024
1123129
994181
892590
959729
688409
1106412
1086554
1120080
1103453
1113883
1096673
1064648
743843
1089078
1095430
1101896
1111501
1078824
697742
683439
1101849
795753
1067900
1060951
1119079
1096506
1142751
957934
756848
1071938
1137704
1002688
1008035
1058775
754676
1102314
1106328
1002495
1098599
1103170
1102530
511267
470299
439313
1145423
1129884
1085094
1091368
1123483
725300
1128772
1125713
1122619
980041
966955
1084375
1079693
1059373
1080642
1071757
1083637
961958
1032489
1064416
1062232
1078093
1086739
1097609
928870
1076702
1095649
994593
1114227
1128160
1139344
1083032
1092936
1101780
1084135
1098454
1010471
1081643
951246
1100856
1041834
1082188
1096780
1030640
1068516
1095771
1071150
1142428
1087581
1015965
1096436
1111341
1087578
1005342
1092903
1082233
1102346
1035065
1119830
1111896
750845
1100256
1068949
1069784
1088232
1060455
1090424
1081014
1023497
1095040
1063620
1081593
1027946
1131684
1075701
1091026
1106797
1006792
1080262
915254
1075281
728665
1082767
1118609
1077436
872768
1070399
815388
1122120
981592
1081604
1085706
1077110
1138789
999306
666675
898046
1079264
1119492
1117535
1113169
954713
1125976
1067850
1115697
1099426
1117357
1024712
1139830
1092993
1076926
1123480
1095486
1084800
1077075
1135462
1109865
1141616
1127027
1083072
768856
1116081
816825
1010246
1098292
1083926
1108059
1095641
1091557
1140774
1104715
1115187
1089183
1114210
1075055
1065827
1100753
