1186578
1045247
1179069
1114323
1117070
1077077
956752
1046269
852695
1103984
1177427
1059372
1042593
1026042
1047881
1093761
1077235
1119117
1001651
1038490
1070251
1037743
954289
1090459
1014503
1022798
1092977
1185409
1095874
1056811
1194068
1076549
1054706
926547
991516
1039004
1198907
1097621
1098888
1208616
1042981
1040433
1191070
1093092
977652
1101111
1194652
1100153
1043370
1003755
1196910
1120514
1085954
1203968
1154871
1107526
1120361
998933
844015
1137251
1028642
1116427
1180695
1043835
1188844
1159925
1096140
1216460
1067981
1006200
1162443
1228539
1142850
1012970
1196369
1112697
1079685
1161897
1078996
1103970
1098770
825707
819322
944394
1029573
1171488
956799
904411
889097
1191829
1039776
948394
794113
1094011
1016120
1212177
1082162
1062656
1026141
1149194
1191841
1177482
1093518
1191113
1043556
1118157
1121255
1168589
1067948
1115218
1047621
1182734
1119359
1044155
1111658
1163149
1114152
1138957
1173913
896302
1069366
1023476
1038929
1013607
1190035
1120476
1174731
1079157
1107121
1081397
1010032
1062534
1121488
1121650
1174931
1155584
1099177
1078700
1081559
1159820
1037813
1183968
1065473
1159006
1032049
1164343
1185005
1103869
1030142
1149442
1025091
1145137
1061861
1046416
1050458
1175957
824566
1102437
1064023
1116856
1102677
1194353
1041208
1180895
1179146
1051967
1049448
1177506
1020056
1068109
1106878
1058667
1153763
1078828
1012127
1209844
1110836
1150254
1008408
494544
1120540
1056466
1039684
1108095
1078788
1170509
1035333
1134831
1145148
490878
1100422
1079682
1282856
1264599
1097644
1167364
1204511
1130641
1218562
989228
1178391
1020239
1066849
1047508
1040196
1050360
1038969
1112508
993139
1116468
1197748
1073385
1124195
888568
1079094
877486
1185962
1282976
1097320
1120298
1222516
1061494
1140021
1182900
1131053
1088047
795186
1025874
1034663
1019867
1192008
1174667
1160658
1061243
1147499
1166724
1065560
979790
1093895
1134100
1008650
1155871
1005125
1028130
1071857
1120766
1002324
1186641
1094472
1069286
1099055
1162785
950471
987040
1121191
1110440
1181752
1116823
1196017
1007848
1091796
1069091
1111893
1182813
872100
1104751
1095527
1111787
1187381
1023917
1106943
1188923
1241688
1023640
1031053
1098937
1034888
1187080
1039110
1017700
1229834
1052549
1033918
1131009
1096400
954906
1008367
1051706
1117835
1032796
1034525
1068998
1182985
1004251
1080834
1128226
1057624
704970
991663
1161091
1179995
1138822
1054347
1171041
1191171
1077696
1008320
1109830
952585
801314
1211709
1195875
1122600
685144
1008273
930006
1053023
863198
