934704
834824
759185
1037050
989751
1225261
1044191
1887124
1630768
768058
1234567
1227651
1074904
893196
799252
1437552
985486
1380488
1119646
1730931
1479154
557674
1134094
702766
740019
637320
998807
1461633
1704438
911656
1013228
1195007
1030553
1054758
931139
980458
878225
1186557
1026151
1092593
1248448
1028223
1060036
1611421
788759
1325486
734602
637660
682509
1842150
1109464
1290844
1136447
1192123
863706
1020600
891729
1009734
870268
1066251
801883
1760887
1518220
1380311
1061834
1403506
845100
1502337
1114551
1004281
1031562
1129129
1175330
2004797
1323675
842657
1333645
1148606
909819
1338815
1374345
882361
939115
1020332
1176524
1028674
1675697
1315087
1806547
1468764
1008010
921434
819319
430968
1375056
1079390
990879
1614075
1023541
780824
1651373
675904
517122
729759
683421
1369225
1670130
1432369
782514
1317041
707387
857532
1309536
598388
1060356
993632
1531865
793728
1507614
963536
933225
1040135
975599
891066
1263030
716261
713088
1092581
1482049
971838
974946
1397710
1137129
1256340
1173132
1477575
1563178
906961
891618
484796
937027
1309721
1455604
1544811
1048582
987324
1107735
952343
928782
735705
478369
722197
999432
1120965
617637
294529
481416
482597
1001446
1160212
1304927
729577
663473
991521
1092248
1503225
1518465
949827
922959
1399466
1513274
897732
896487
1569434
1205498
1137807
1253149
1280745
859325
977280
1220645
1138955
1034341
960279
755128
1966974
832656
776776
1181975
1273625
1263527
980443
1850176
1046703
1083882
903107
985218
1402237
1065476
974043
995884
1219110
1442528
988145
1125968
1188021
1027597
1693928
1246580
849129
1034695
1268706
1430670
1497693
1484626
1051838
1053915
696975
754622
1349359
677467
504585
1206911
1817342
1183717
1159434
887710
1654315
1376441
919742
831338
1011930
1014686
885767
1054358
570821
1018523
1002631
1291060
1343500
910253
1758230
1052406
956650
1764409
994782
878157
1842654
752879
866478
1405680
1349738
1061013
864750
1652503
994891
1494501
876313
935768
378498
777435
1105707
907066
1627571
2206167
1794336
1023223
1234512
1509257
1690263
1860421
2155100
1754320
1379997
915123
2116548
1937260
943665
313324
1461908
1863667
927472
1346685
1936931
880093
1074165
1551889
1479549
950224
1284246
1020589
820634
1492701
1661573
1204240
1071149
697374
952697
1113091
953510
1147120
1711179
1751031
1019489
1477520
1657049
971951
1277546
1004505
1002826
880634
2053692
1057904
1020308
1187521
1674640
1294234
1974663
1896796
854909
965752
1174041
886398
1156958
941119
1126375
1127075
1329566
1378170
1328826
905386
1325017
1035992
2255786
1611238
984182
2148884
1792810
1926357
951496
1772204
1129666
1306573
1015221
1957379
1271572
925274
1650222
845442
1985857
1203491
1619747
1603652
1146528
