1554645
1057596
978038
1387388
1227184
1519925
1394251
1195121
1526761
1066921
991292
299798
1415728
1185581
1059230
1103020
1562769
1237898
1001727
1222093
1182782
1274372
879234
994903
1082867
1255965
973578
1497326
1282604
1225866
1131699
1233085
1064738
1158766
1148606
931857
909445
1190859
1435954
1207353
1121622
1511941
1002730
1125732
1041761
1078899
1369128
1129386
1404382
1314369
1669945
1200019
1095394
1173347
1396698
160121
1169406
1220363
1481004
1137613
1192770
1071696
1428154
1218150
1382265
896996
1290130
1207869
1314814
1316693
1295994
1095803
1227802
1628328
1296645
1812717
1261867
1112580
1459044
1157786
1134304
1470580
1114855
1203145
1182111
1165982
1489316
1336598
1498856
939736
1149584
1083067
1150543
1275216
1218850
1261143
1483625
1196366
1070522
1518104
1032087
1043226
1120009
1516469
1185114
1208653
1217560
1003724
1051037
1289551
996652
1527219
1404589
1237549
1080274
1039733
1154261
1189718
1135548
969251
1470368
1315717
1297727
1285591
1214494
1263784
1121732
1090726
1086786
1032045
996637
1360084
1475590
1237286
1621696
1327514
1149606
1328948
1106570
990334
1187532
1543812
1303538
1458199
1124383
1141256
1132550
1064961
1171839
1322930
601463
608661
1001405
1512981
1548005
1230318
1361189
985850
1110594
1450509
1074116
1015397
993046
1334803
1230444
1480146
1914432
1061272
495994
1121032
1045972
1115348
1414234
1239827
852482
1145661
959854
1128523
1563158
1087531
1207140
986150
1578945
1040245
1471025
998952
1137620
1497629
918582
1107048
1047117
1164048
991401
1559329
1057177
1434673
1500220
1005355
1285136
952297
1230168
1326168
302710
1535124
968047
1129769
1129011
984239
1119051
1301631
1424998
1200581
1304080
1194979
1269472
1115702
1102624
1426410
1008158
1071781
1091802
1528543
1242226
1358580
985720
1051667
944498
1187479
1241703
246769
977982
1152924
1017470
961006
1080372
1032749
1045295
1383174
1475736
1568540
1076311
1130600
1149112
1165607
1034742
1056239
1059311
1076872
1311030
1363554
1077435
1499565
1291879
1591302
1402444
1091712
1157180
1074645
1094404
949505
911316
1418856
1148421
1011606
1149909
1182952
1504057
1246233
1023590
1170078
369050
1424149
1019730
1027553
1059379
1555563
1387246
1543467
1108941
1459455
1542247
1229239
1008754
1185384
1080610
1134365
1571581
1088658
1562333
957289
974843
1145954
1377205
1985303
1184907
1056703
1127845
1163321
1277699
1524165
1594223
1521327
1110000
1111640
1079030
1014895
1797135
1207642
1964565
1911341
2040078
1039364
1504000
1235181
1442268
1028352
1248196
217011
1179762
1108597
1174569
1011504
1086023
1021409
990137
1229534
1015786
1214208
1161493
1061278
1512298
1307295
1113084
1192868
213023
205171
1175506
1194484
1240444
1113546
1095535
1181902
1126805
1025846
1417805
1228099
1003871
1287673
1147694
1016180
1436301
1168243
1019529
1232694
1163204
1291482
