1300914
1265167
1188634
1286181
1421491
1384680
1363099
1318719
1308982
1300389
1248299
1301215
1267715
1192828
1330378
1263726
1378513
1362185
1132326
980444
1135222
1314558
1205209
1313952
1294913
1185585
1256920
1336374
1256369
1301141
1296639
1285589
1285235
1277341
1248860
1230535
448780
1220510
1289822
1303103
1379098
1347022
1289744
553239
139826
1263155
1134327
1289947
1200319
1061531
1270839
1415424
1377897
1374388
1343292
1253423
1331617
1310891
1306292
1259247
1277657
1190113
1301118
1327404
1347006
1375639
1377566
1317762
1359319
1270564
1365798
1306250
1302619
1043905
1317237
1381640
1428562
1425842
1316521
1307157
1355894
1276679
1332532
1122579
1167632
1211575
1203439
1294870
1321849
1341637
1302716
1219299
1287454
1138235
1221012
1273966
1189019
1095322
1252660
1279645
1337626
1394848
1387009
1206987
1101238
1276976
1270250
1239617
1303272
1022082
1219743
1416406
1423995
1362407
1354485
1364210
1243949
1228859
1227436
1289801
1083074
1207858
165623
1388043
1303991
1304769
1356574
1293766
1315767
1260532
1354769
1187232
1149066
1105179
1207024
1069409
1377784
1429413
1327537
1348480
1294386
1356004
1317831
1347722
1187904
1164966
1148111
1260265
1335373
1312411
1398481
1314091
1356002
1327305
1349331
1276964
1154547
1093539
1344122
1367974
1256617
771391
1326282
1219843
1301954
1320037
1283117
1135011
1127730
1197913
1356337
1379559
1454125
1400088
1388449
1243034
1386018
1390442
1319450
1362420
1360721
1109208
1455272
1393602
1395457
1360926
1398430
1377850
1264241
1010366
1355828
1466302
1374060
1350556
1259777
1431030
1333191
1434562
1472227
1282692
1406596
1352527
1359198
1363804
1437497
1277607
1412378
1405637
1372818
1412197
1337436
1302205
1291058
1321363
1399945
1345904
1194822
1300625
1370638
1313949
1219495
1375391
1376947
1389312
1382256
1362923
1269656
1214319
1176731
1377675
1404767
1296032
1019971
1314354
1378371
1402276
1424016
1360580
1353551
1322631
1271994
1400298
1115626
1279619
1257346
1362982
1303473
1355962
1395744
1365014
1417103
1256263
1332365
1241329
1323941
1358819
1241804
1329935
798073
1351640
1434104
1369480
1356343
1350545
1001716
1331823
1342684
1321234
1401394
1044922
1375017
1349641
1391740
1330345
1350513
1066239
1297152
1285236
1314546
1251151
1139403
1304693
1328835
1292904
1316632
1393338
1321856
1279908
1284087
1355999
1321727
1252025
1304213
1338548
1315778
1298941
1364976
1404843
1373441
1426747
1435513
1372345
1379873
1333303
1065676
1361089
1363747
155709
1426615
1408871
1388401
1334739
1250317
1428275
1435661
1234260
1217657
1313939
1491863
1371603
1432921
1263139
1213710
1318853
1367042
1391078
1020049
1306758
1108458
1348394
1394984
1440365
1471190
1394663
1281617
1336719
1319023
1374803
1317245
1258430
1319850
1389203
1447813
1412215
1467362
1511157
1372176
1348744
1294416
1325583
1329064
1385007
1170830
1310379
1351443
1420293
1472002
1480108
1302892
1397769
1402118
1376985
1351282
