1368509
1343315
1346459
1296298
1311395
919520
1348453
1438076
1284536
1307204
1433217
1298587
1338329
1361802
1362548
1434022
1438248
1355727
1341956
1412721
1401840
1293139
1364950
1308796
1453288
1286396
1295165
1285828
1331272
525685
1282592
1354414
1311789
695470
1317726
1306860
1301888
1308123
1315999
1342441
1444518
1296240
1300322
1294240
1441249
1413388
1302088
1323297
1304581
1292777
1306900
1347163
1310456
1307861
1309491
1448822
1306499
1434940
1023949
1318948
1291976
1362295
1294581
1244815
1254842
1284265
1267102
1254501
1258128
1279482
1248622
1247419
1282541
1253870
1316384
1430129
1415203
1284761
1273443
1267616
1447801
1298054
1400143
1447953
1453841
1262717
1290245
1305232
1264920
1302075
1270209
1410339
1407134
1271840
1200506
1382875
1481300
1271719
861860
1441395
1275364
1414557
1308910
1304106
1277897
1427149
1423987
1420762
998682
1239365
1268725
1307842
1275923
1467321
1409652
1303476
1436581
1300048
1437920
1275927
1251751
1489222
1294430
1269009
1424313
1245671
1007867
1319703
1252521
1255227
1246267
1384915
1455069
1424584
1275787
1428634
1433419
1256637
1493201
1291254
1420732
1214934
1266794
1436061
1421434
1476594
1258813
1216102
1412729
927502
1268276
1292453
1401005
1467142
1286551
1263805
1413459
1264405
1244452
1340495
1439064
1423907
1357498
1258264
1217742
1217971
1239409
1259823
1122225
1129485
1244712
1266387
1410275
1423938
1428982
1304420
1302051
1421089
1219023
1445926
1046485
1413378
1463819
1292518
1299318
1432572
1427740
1308894
1307111
1268118
932471
1464211
1450923
1257675
1279921
1269543
1306588
1412026
1269904
992788
1258447
1442107
1409717
1396897
1431671
1260508
1381743
1416231
1090107
1500823
1267020
1266716
1376442
1244148
1392056
1298375
1207513
1482214
1220070
1386866
1263784
1439231
1279855
1451136
1274171
1205271
1243366
1311755
1385876
1266950
1400819
1246352
1292020
565837
1247608
1227476
1468026
1234003
1297119
1242937
1273389
1220336
1389590
1278294
1020360
1473964
1222196
1233911
1301326
1276751
1462479
1269600
1226149
1313438
1270960
1296276
1440836
1260212
1275346
1281999
1213101
1422732
1424384
1029133
1267251
1310097
1281549
1242076
1267306
1254455
1305476
995285
1277973
853440
1138879
