1760332
1665863
1665047
1690361
1767047
1565919
1736222
1660889
1672681
1685140
1204112
1209278
1083568
1283659
1592781
1666986
1816850
1689212
1673818
1840899
1767263
1612945
1656379
1311253
1256568
1242954
1604720
1564229
1685178
1552842
1597590
1795146
1801614
604243
1439720
1443286
1154379
1486282
1301345
1675557
1019557
1006716
1040340
337949
167895
1006243
967062
1014957
1021524
1054289
1728327
1071527
1034406
1285024
1040987
1572440
1605412
1624679
1653936
1183073
1273015
1456106
1725733
1754913
1774941
1010405
967608
1002907
1047220
1028968
1073751
1002212
1006210
988537
1028679
944048
1005273
1009215
990048
1021687
968957
1028977
914661
871685
898895
972847
1045984
1028469
1059721
1024849
1007437
1029360
919707
1094264
1003409
1004556
780147
757391
1053661
994826
1707001
1016774
1083349
1032493
989614
967013
804872
1048281
1054214
940385
1059969
1015369
1034609
1314365
985071
970778
1016946
1030149
992890
1031935
984291
984076
1042419
1019394
1009553
1055230
1007696
1046120
1265067
1281226
447834
1322994
1318706
1198450
1260095
1345031
1445276
1030380
1018792
968902
1279885
981966
1048636
1028619
1008259
996264
1006673
942621
987425
1651009
1684052
1705987
1644349
1580288
1636860
1174177
1170658
895237
1663607
1731085
1825459
1713285
1669121
1745190
1718734
1718989
1690334
1161893
893111
1269187
1803072
1664573
1771271
1737582
1689020
1629214
1745068
1587689
1672728
1094413
1271429
984352
1548482
1709564
1782637
1803076
1713522
1573281
1472233
1250916
1283212
1163801
1100594
1209123
1396396
1708544
1741015
1773395
1007860
1760932
1783214
811170
1422864
1463283
1186168
980997
1599694
1734146
1696903
1809763
1670100
1692953
951998
1305869
1733864
998902
1086685
980384
973263
893378
854292
1003735
999992
1002400
1588376
1593117
1759383
1626187
1589384
1738331
1298532
1213971
964833
1649646
1710282
1630045
1794262
1794665
1608779
1720917
1625979
1661420
1203683
1163673
1154807
1687587
1770040
1807076
1842841
1705001
1663958
1655390
1701552
1796394
527320
1549438
443968
1648841
1770286
1718142
1682317
1803614
1730419
1389826
1350913
1212245
1123669
1269984
1163423
1585009
1686712
1701457
1745752
1782462
1730339
1643402
1052278
1175142
1124810
1259084
1078497
1721928
1757107
1768072
1586918
1719684
1556265
1757231
1743143
1606749
956578
1056644
1220482
1712823
1694639
914278
1702670
999071
973470
980494
990012
1071661
931766
778767
908084
979361
986069
955311
1015134
982959
997597
1018070
1050785
980326
920864
803683
968192
941809
941303
986198
1625906
1739738
1426256
1866008
1593467
1702891
1178937
1149652
746639
1548551
1636544
1749515
1587008
1500327
1625362
901881
1680192
1731573
1290398
1180304
1321140
1706722
1934600
1771714
1838409
1824645
1647512
1155433
1305368
1107789
889674
1373140
1417144
1819253
1790878
1759146
1762646
1788102
1817355
1650269
1487590
1420075
1350876
