1499954
766167
1473097
1587016
1539127
1561961
1458819
1441911
1522410
1248119
1107075
1247133
1213933
886768
1206943
1211033
1220148
1226632
1278837
1197774
974595
1449097
1406533
1663056
1581153
1428840
1423164
1715725
1629976
413914
1437878
1309617
950610
1603355
1401806
479056
1642252
989703
1451673
315465
1641130
1489248
1481014
1405971
143961
1459384
1377266
1420719
1337752
940653
1511843
1482152
1438985
1463532
1494543
1385111
1560383
1441978
1562221
280695
1513548
960710
781729
1472595
1451894
1514613
1561766
1566540
1493144
1469692
1561231
1602350
1440020
1214474
1476259
1559704
1590361
1500577
1423611
1524563
1456634
1454014
1500986
1743939
1474025
983171
1481466
1727198
1292569
1655125
1518281
1385000
1544469
1493836
1870068
1538511
1418062
767286
1769000
1446732
1463452
1506893
1506347
1445334
1122293
1284185
1174979
1243217
1116584
1160995
1213194
1256263
1327268
1183941
1244610
1242894
1447398
1459973
1436455
1482522
1644651
937641
1661689
1602819
1474569
1504933
1639277
1474214
1600813
1565727
1412534
1248753
1392092
539805
1604792
1657823
284632
1729992
1226531
1511660
1377355
1447183
1599777
619852
1539343
1477089
1577672
1339512
1415023
1527852
1563415
1498341
1593968
1233606
1579163
1453524
1635754
1382671
915691
1599993
1484517
1486203
1605538
1599588
1596436
1635216
1451880
1463175
1461118
1502408
1449782
1712100
1484607
998209
1276410
1548044
1492412
1562047
1431491
1458451
973603
1132328
1516843
1539980
1436857
1676418
1529318
1454420
1487584
1572522
1403008
264236
1428846
1395871
1422859
1541684
1718080
1457684
1543220
1518740
1529853
492363
1424802
1534104
1552291
449773
1391454
1410726
1713582
1677734
1698009
1575107
810585
1552980
1498865
1704768
1662166
659452
1454603
1063683
1096834
1221674
1245537
1186745
1326766
1210224
1292117
1731610
1593887
1575683
584241
1494327
972292
1258280
1324326
1484356
1064882
1347266
1476915
1543855
1572312
1455466
839938
1340335
821472
1441820
1056795
1360805
1048150
997142
1471216
1646457
1333550
1556766
1109698
1586738
1358284
280753
583980
1327112
1118597
1213978
938684
1132173
965008
1089283
1271237
870188
1416021
1365093
1297941
1362051
1322837
1181927
1092322
1094584
1288123
1328793
1174604
870137
583853
1248869
1103963
1433079
1380027
1358352
949199
1443017
1438940
1108511
1538042
1656424
547985
1429478
1004931
978488
1052370
972828
1502090
1361580
1412743
1212234
1321461
1060789
1020731
1357341
1447032
1361357
603606
735069
1267593
1455895
1541932
1200074
1607187
848909
956143
1079946
1066487
1212797
1135532
945715
1106319
1432326
878562
1433904
591619
1073305
320368
1034259
1047831
1068503
1384009
1353949
1009628
1390923
1725688
1450269
1496923
1494136
1058461
1344444
1055624
1132524
1376087
1132151
673206
1391737
1323502
999298
1078119
1027181
1009416
1105513
1023674
1465791
1137004
1246787
740579
1080585
1358732
1417370
1017164
