2245983
1257197
1555055
2245575
1953966
1850475
1642004
1257208
2252891
1385147
921139
1775889
1794557
1983953
1498317
1335471
1549371
1175191
1411938
1393340
1232254
1858018
1448030
1263160
814699
852849
1755813
1170159
896697
1544506
1536841
1259862
1944435
1931996
1961201
1666815
1743295
1794283
1165433
1328580
1032027
1974421
1859380
1510984
1883780
1314679
1737272
1050849
1684183
1718976
1256009
1538195
1770402
1541583
1851146
1641874
1919742
1635342
1948349
1996149
1338145
2129427
2110016
1583426
1574080
814150
1848027
928489
1870880
1573232
2083486
1292993
1594000
1812157
1642934
1398582
1491863
1716190
1555285
1754290
1370179
1761264
1382134
1717882
1471053
1932326
1172175
1312636
1313136
1861603
1450127
1761274
1787523
1868672
1886862
2016806
1727283
1610776
1861762
1746567
1331725
1196737
1513912
2336598
957677
2051998
1638907
1432194
1916699
1965356
1153600
1224790
1654028
2160882
1306834
2220150
1197910
1873596
1970852
1530792
961856
1903624
1179783
1990018
1644356
1530758
2082599
1868341
1154729
1356966
1565063
1075065
1432372
1918173
1511449
1792700
1465638
1528326
2021120
1920541
1270823
1433555
1362980
1379701
1062506
1352953
1837546
1335682
1515276
1724759
1560828
1803716
1432321
1283566
1775838
2140286
1461222
1753620
1525406
1681804
1418997
1489121
2045838
956881
825245
701648
1657540
1241680
1649434
1869129
1919836
1867011
2023757
1147791
2115330
1865422
1614071
738655
1103404
2342476
1861439
2411971
1339874
2169492
1856192
1009663
1956434
2337155
1319300
1227237
1163600
1775323
1259604
931332
1452811
881853
1514536
2142329
429085
1396522
957185
933213
1068314
1432011
511384
2020895
1440030
1689538
1511306
2020371
1380251
1677307
1190633
946567
1483111
1211041
913841
1625823
1014096
1645451
1770015
984609
1811062
982952
1475929
865589
806637
1140960
1458764
2218972
1423331
1909588
1057811
742839
1937251
1312162
1583424
1084419
1509825
2052211
2097750
2234727
2008032
590770
1492006
1567510
1259117
886197
551140
1035319
1704790
1966963
1642281
487204
1605769
1005539
1337695
2017438
2009161
1968378
902601
1443036
2272753
1229578
1337150
1101555
1415863
819535
2430703
1674645
1968726
1620134
1568811
1549441
1129943
1695911
1460526
1392411
1315143
1176323
1305023
1372883
1479992
1889901
1005428
967014
1793926
1018280
1288872
1697697
993190
1482889
1690278
1771816
1640063
1918327
1238072
1362561
1172105
1728429
682290
1489537
1455181
1717553
858695
1629576
1399408
534950
1027264
1300095
1841157
984221
1132144
2354163
953227
1481420
1172042
1311549
244884
1726002
1536265
890148
2058703
1981249
1754491
1348447
1825888
1189563
1793536
1881402
1075037
1812659
1774233
1604436
1976957
1086834
1299001
1106876
2220566
1567361
809232
1507929
