1693716
1317842
1381328
1798063
2023802
1742248
1826401
1166386
1812453
1499789
1290005
1365805
1713762
948675
1483890
1481722
1269445
1798567
1346839
1551975
1937959
831234
1407316
1666378
1598098
1445397
1203300
1256557
1825794
1662955
1151919
1608116
1525177
1938429
1683663
982360
1579951
1974310
1967640
1910258
2194292
1528648
1458163
1754480
1513814
1046869
1924557
1600271
1537691
1434925
2050720
1671157
1844689
1495199
1706645
1444264
1921047
1438914
1855268
1345065
1656820
1345548
1333430
1484717
1633788
1628040
1277512
1452743
986896
2206327
1740888
1387519
1372698
1636946
1077594
1747921
2022606
959393
1998714
1605674
1834563
1518230
1774260
1775205
1789650
1385430
1748554
1830209
1557072
1493250
1390081
1672083
1388855
1180484
1840353
1783212
1831091
1837970
1091376
1263630
1315297
1436206
1550021
1775519
1695182
1853256
1438271
1513457
1812350
1171001
1353733
1174510
1573497
1827804
1635940
1403684
1617588
1981598
2071826
1812765
1750194
1726352
1894503
2091655
1802455
1613477
1724789
1658686
765389
2038793
1569940
1770125
1632698
1700327
1510856
1813997
1492102
1610163
1769796
1408468
1827303
1509250
1871212
1621392
1616398
1621064
1134938
1970129
1174953
1583159
1712443
2034711
1629683
1863904
1829952
1714046
2183955
2050209
1738119
1452911
1543771
1553197
1361183
1806365
1921117
1727237
1391165
1528153
1630497
1615365
1475742
1296875
1549176
1994680
1582532
1134479
1529817
1584572
1879097
1141755
1137086
1490671
1501471
1557571
1565227
1566878
1939940
1392233
1577330
1667990
1109069
1026306
1957190
1651464
1541240
1099789
1520757
1531522
1453931
1598734
1558973
1489562
1205628
1075699
1751633
1733441
1372909
1396713
1578853
1359973
1269905
1448028
1692393
1760650
1697709
1348152
1849627
1164063
1531299
2056345
1810745
1708502
1744107
1775260
1608942
1673773
1613130
1349850
1409263
1579589
1565189
2046914
1854778
1506786
1801845
2021732
1622935
1524384
1125173
1292167
1987749
1332953
1672173
1373590
1719785
1183310
2063190
1507987
2128196
1776000
1471561
1591656
1479010
1663001
1418219
1273334
1365304
1492709
1694076
1363715
1274720
1558712
1763823
1796152
1746055
1758084
1819383
1817691
1210135
1770160
1716339
1560825
1370860
2014575
1254605
1525555
1842645
1600324
2117066
1338289
1792455
1892284
2246810
