1330615
1410619
1724457
1063686
1420441
1731847
1070779
1340632
883988
1670779
1246738
1766838
2270861
1923489
1739422
1749502
1613581
1173077
2257088
1157947
1118143
1717869
1804956
2107312
1926523
1814850
1139877
2067684
1621529
1319282
916917
1559780
1526906
1542002
1547946
1637485
1633992
1754259
1845145
937026
1943910
1402424
1698439
1300541
1220869
1805535
1160603
1206269
2126199
1368905
1839819
2119910
2059868
1381658
1095027
1566669
1363078
2289957
1817933
2171298
989860
2001916
1921352
1180501
1735521
1471013
1535153
1644337
2250903
1693277
856559
1963664
1022598
1156362
1027189
2186414
1277046
1923712
1628370
1676639
1990732
1467204
1661105
1732698
1230533
1785341
1811644
1888054
1503524
1298956
1472620
2222903
1179396
1594814
1522287
1459968
1420106
1806000
1273577
1651699
1388090
1570066
1648396
1905966
1109771
1941756
1663282
1815649
1254865
1649212
1874482
2157876
2071377
1663778
1766869
2189044
1456038
1406667
1565826
1838431
1427990
1532786
1881434
1585654
1462247
1551308
1859621
1070755
1975936
1620013
1720666
1218530
1183570
1294152
1864671
1467856
1775274
1289196
990408
1268144
1556059
1775474
1072068
971282
2061288
1119407
1779158
985009
2009659
1554843
1830021
1061413
1755219
2167357
862642
1879422
1607709
1251620
1182025
2130088
1663603
1354328
1672129
2062118
1935508
1362381
1738378
2007382
2063821
1517141
1721759
2063133
1856100
1772245
1643555
1145471
1448480
1688590
1765829
1476199
2101768
2279703
1723490
1737634
1708066
1561331
1219483
1705529
1703694
1220742
1619786
1277095
2013532
1443095
1930328
1583808
1149873
1542345
1835994
2169174
2262620
1587344
1512735
1121538
1728093
1551847
1741245
1237663
1428189
1724837
1509706
1197963
1024438
1985692
2199419
1681000
1463429
1239709
2021838
2119608
1653641
1932123
1714413
2043714
1799867
1554370
1510447
2085120
1349728
1435559
1813537
2051913
2022957
1849143
2211114
931089
1087305
1685226
2021433
1344957
1809949
1812525
1096808
1168892
1299160
1963075
1520527
1757532
1946741
1759993
1723406
1495099
1282821
1604073
1610545
1449695
1041206
1014112
1729598
2180239
1847998
1857398
2204175
1204772
1656568
1794641
1707374
1874865
1485195
1176367
1413173
1410462
1692123
1834983
1607251
2190953
1250896
1422307
1191356
1380564
1177088
1201664
1870763
1739419
1681276
1177857
1981961
1678890
1294915
1425126
1143935
1423571
1354986
2072300
1233046
1998574
1746984
1712574
1305275
1768559
1715500
1912376
2120854
2055431
1711072
1557261
1826040
1887976
1564205
1193989
2094284
2045722
1274238
1333527
1442512
1260339
1297804
1863732
1043808
1558699
1067826
1928515
1505449
1377425
1698351
1519304
1527601
1568273
1548986
1190908
