1717626
2256584
1067500
2199683
1227144
1481449
2108168
1016441
1297835
1625492
1059269
1967532
2277539
1603552
1916517
1535883
1322126
2053433
2102462
1818253
1997950
2342630
1900877
1723397
1784713
2141697
1621528
2205793
2231229
1144640
1792160
1061951
1828458
2292527
1873499
1463425
2186314
2209761
1144244
1407203
1727268
1016729
1334036
1908592
2304984
1435857
1497342
1462099
2165115
1306282
1300214
1753192
2103951
1441463
2099511
1502010
2464421
1857947
1242071
1575552
2158589
1873308
2096826
1447734
1672486
1905222
2485059
2033928
2090313
1581134
2168978
1999270
1169933
1003861
1651920
1649308
1383154
1407275
1631289
1064666
1937782
1619966
2154374
1434461
1877573
1011148
1325229
1315239
1545161
1996793
1787131
1771013
1640402
1522763
2341551
1667428
2057445
1736269
1415983
1547086
1281137
2255850
1908388
2046849
2164220
1176505
2196533
1122286
2323692
1685464
2114325
2226077
1308630
1759003
1994620
1923041
1604123
1150213
958016
2391903
1991149
1476184
1314010
986875
1689112
1639579
1174016
2032288
2087501
1769144
1853890
1111763
1448927
2104918
1606104
1780097
1794258
1225843
914938
1761637
1503343
2322765
1697058
2343032
1741585
1024149
2271641
1528582
1311807
1823092
1151362
1530296
2035599
1544854
1583662
1745989
1257746
1822143
2238304
2214064
1330755
1664440
1178779
2284105
2044397
1926300
1160880
1065740
1444395
1637994
1144043
2124341
1435881
1280472
1229387
1419522
1729901
1849889
2038254
1213855
1590459
2153207
1984042
1759811
1822701
1769117
1414168
1661682
2139953
2351793
1397182
1566715
2323126
2091921
1437727
2420997
1748250
2319149
2101251
1830269
1700179
1961680
2353524
1188359
2120647
1630085
1229376
1497775
1347254
2275393
1467306
1326321
1607870
1691070
1795205
1926589
1340414
2002827
1608595
1666431
2075799
1817329
2413028
1980472
2192709
1055411
2137071
1643345
2059355
2013093
1943866
2140179
2174593
1018340
1732795
1547806
2328324
1419796
1586233
1544608
2385234
2123206
1604974
1635916
1990641
1484958
2087369
1620273
1164672
2427596
1791935
2304638
2091842
2118446
1490705
2084804
1323351
1245552
1551507
2115898
2329941
2382938
1451648
1922049
1507350
2154277
1614331
1370666
2119498
1791295
2060512
1375873
1525247
1559528
1291371
1789129
1596268
1467139
1785389
1418598
1613513
2365528
2229664
1475025
1766717
1486087
978512
1898689
2285043
1847472
1459068
1700153
1847693
1489111
1463979
1713571
2148740
