1911104
1603665
1597297
2688615
1221547
2271796
661117
2039400
2237407
2477444
2294615
2530394
2433869
2004590
1161489
1463205
2242697
2039360
1211852
2102029
1614624
2141593
2386045
2213946
2185135
1632558
1736402
1487687
1667731
1354825
1480531
1645267
2611251
1666363
1749858
2062205
1499132
1991289
1869435
1836989
1489508
1315211
2570471
1673233
2331150
1650405
1689382
2247179
1779289
1522071
2365033
2439790
1694560
1973544
1692078
1799729
2401579
2558108
2771170
1655230
1602912
1627222
2409214
2060437
1848304
2353551
1497809
1730557
2286575
1634256
2244598
1624865
2716480
1760121
2674979
2121614
1813727
1711299
2338844
2470407
1638001
1812128
1759070
2007828
2128617
1616936
1760770
2139159
1546570
2228014
2333955
2216530
1648781
1695475
2441348
1626607
2265217
2112470
1996178
1300754
433618
2093431
1606775
1556367
1752005
2313727
1749504
2401498
2774431
1722385
1531979
716317
1724728
1876483
1744288
1724718
1782584
2224668
2204999
2420761
2646587
2227467
2397801
1732254
2134820
2559520
2430037
2217867
2336147
1448270
1618372
2503792
1670915
1715928
2459638
2407515
2148435
2299771
1736474
1813976
2036533
2184522
2435790
2675894
1760267
1942876
2181686
2359168
1748561
1783062
2093195
1986549
1435420
1998215
2153501
2338113
2200148
1706207
1617687
2252084
2504666
1723557
1603230
1868167
1708794
2077072
1714688
2402213
2231968
1581836
1634199
1897762
1647861
2658918
2306196
1542140
1599178
1720908
1727162
1769281
1775015
2598302
1643401
1675557
2481301
1492881
2707768
1608730
1625392
1988181
1738282
2652348
1593857
2488071
2563823
2295909
2329195
1602155
1668331
1738017
1770410
1803591
1677771
2289217
1622367
1193151
1663997
1511009
2674518
1772150
1557379
1650947
2827549
2223709
2595348
1532461
1465700
1403366
1745808
1722651
1671922
1729171
2239880
2431577
2756759
1973829
2183294
2115995
1609976
2812182
2451712
2424034
2922105
1606195
1860832
2466331
2796424
1331533
1396385
1763937
1742277
1564429
2897313
1764189
1754235
2597435
1524294
1554637
2573360
2856895
2757326
2048586
2876535
2646785
2659489
1523600
1527091
2352393
2330048
2673036
1475282
2422643
2734015
1770659
2342595
2248705
1630585
1472275
1446598
1626228
1707276
1688390
2377707
1700667
