2339405
2169269
1501008
2372835
1411143
1762926
2426603
1850362
2073944
1967310
1890920
2386569
1618146
649864
2410547
992286
1406926
2339747
1783213
1505410
1355930
2309801
2353941
2355476
1904067
2150434
1563342
2288776
2114290
2337913
1468748
1922295
2175442
2180044
1106597
2337242
2151684
1954289
2075861
1321573
2334584
1701515
2391943
1979780
1396748
1997715
1914466
2377857
2373997
2138525
2120747
2258196
1703699
1975230
2409623
2374678
2365782
2343633
2061314
2382806
619870
1151398
2352806
2390662
2347893
2393436
2379585
2371695
2094420
1828426
1983618
1874373
2442194
2371782
1367018
2023118
2179537
2084905
2141605
1871091
2256943
2147838
1959823
2390690
1241292
1961509
2169461
1745724
2177551
1909770
1964298
2153386
2009347
1400601
2105981
1448756
2341378
2344446
2224393
901071
1865702
2083443
1924549
1981713
1957940
1946446
2139736
2148089
1893215
2268877
1962362
2331137
1937286
2087260
2232994
1809367
2347995
2105631
2221663
2397706
2380798
2349443
1974150
2204574
2366101
1333473
2054674
2004782
2054463
2241738
1911278
2134570
2056054
2206209
2413192
2170528
2368709
2011500
2008145
2242356
1953204
2195538
1955482
2394043
2427145
1779607
2230194
2077580
2081865
2142366
2291100
2022367
1917119
2118150
1836342
1972711
2359117
1802833
2378504
2255014
1672105
2198550
2019111
2164454
1938445
2356841
2332488
2079443
2364265
2419287
2317854
2148750
1902900
2423703
2388646
1295227
2123858
1938265
1942048
2226650
2077566
2118189
1279922
2170881
2333761
2049395
2303024
1867277
2113048
1875500
2288977
2441608
2087446
1925490
1649008
2011469
2107256
2371818
2017271
2354849
2337803
2194162
1960869
1980600
2429223
2225557
2216528
2064415
2432995
2087428
2376761
2210293
2199859
2223513
2148528
2075393
2097903
2030815
1851751
1989487
725408
2363734
1879437
2082636
2040007
1989596
1986396
1954576
2366065
1971828
2207528
1903480
2346688
1985251
1925934
2238580
2380569
1865972
2066362
2391257
1795630
2291934
2120116
2454090
2505307
2287467
2167010
2240229
1772351
2292733
2444262
2262902
2145662
2255520
2023223
2250750
1808362
2042168
2209798
2192479
2305128
2347186
2189209
2112051
1630631
2272643
2158382
2325065
1979536
2149157
2388406
1991701
2038562
1970255
2141707
1712015
2220539
2091476
1995392
2169005
2268098
2394352
2338445
2023865
2410904
2439104
2086832
1927940
1821403
2126570
2186126
2190159
1319834
2378128
1894691
2103457
2173169
2437462
2237188
1866285
2328883
2016222
1848079
2006890
2113124
2248847
2028776
2224104
2141154
2113526
1876540
2300566
2088284
2368695
2078241
2022171
2193635
2385521
2214942
2245081
2164252
2123748
2222515
2241967
2113223
2309969
2103605
2190889
1671999
1316155
2090649
2243056
2217282
2408920
2133411
757556
2225858
2219706
1751296
1971315
2342160
1961774
2352217
2070058
2282395
1873175
2124656
1630127
1954020
2213805
1930514
2403879
1620776
2025001
2277782
2365879
2097597
1763302
1996334
2071400
2178011
2352111
2201926
2389560
2239178
2226178
1881526
2295871
2358325
2070868
