2627937
2318899
2129507
2431335
2597068
2405843
2337438
2325933
2299879
2123879
1262524
2180920
1752175
2101558
2041681
2044937
2520772
2295924
2410068
2347443
2511565
2130630
2057870
2530816
2072644
2636910
2113138
2432345
2481399
2688754
2436555
2224667
2472691
2200522
2303083
2349048
1622913
2617349
2202566
2611584
2664068
2488667
2430332
2356221
2262015
2108084
2376125
2492938
1869223
1927933
1979565
2678812
2034649
2470483
1962433
2592076
2111150
2603433
1991232
2192842
2260849
2052549
1943025
2293293
1997651
2559869
2679527
1946795
2021132
2249390
2277036
1931825
2580415
2350356
2032403
1815538
1866526
2577818
2239340
2599097
2650744
2191281
2377506
2139818
1730199
2571373
2104296
2319738
1985335
2434886
2180242
2358964
2536027
2536738
2389819
2473816
2422974
2581519
1948623
2471659
2201418
2682560
2207538
2317439
1955183
1995828
2026071
2390514
2246309
2345435
2010189
2430576
2519578
2409173
1863951
2776386
1959346
2178751
1956396
2085971
2341489
2040481
2367030
2266866
2048798
2097960
2167029
2191127
2663974
2266769
2061073
2711616
2176568
2186131
2450483
2142791
2704417
2011754
2569254
2588754
2032076
2449793
2480160
2278651
2318636
2248560
2031917
2244722
2062272
2250549
2244312
2100792
2485885
2247549
2275312
1925461
2127046
2321418
2094855
2473897
2379317
2317267
2665433
1956359
2141689
2030979
2289697
2481484
2229192
2588145
2102913
2271278
2316352
2296122
1876325
2059300
2140670
2177207
2226887
2615544
1958867
2436697
2094009
2392697
2285743
2030654
2188885
1844441
2286502
2301721
2662766
2496821
2064050
2123065
2304232
2345295
2123412
2056413
2164018
2159953
2653572
2073897
2284223
2149911
2211382
2114575
2335876
2263070
1211937
1993720
2096575
2149157
2485308
2142099
1840600
1842450
2420338
2255801
2058333
2299162
2247601
1746879
1189523
2073373
2085863
2213858
2085015
2441164
2029439
1965252
2732030
2249864
2418030
2107105
1755688
1746280
2220114
2510604
2293994
2298559
2086880
1921349
2672288
2074460
2631050
2076770
1542278
2247547
2199440
2141618
2083430
2159529
2095504
2206588
2103112
2245637
2327141
1987604
1718828
2691329
2148647
2399349
2192410
2408372
2006559
2077121
2219078
2286898
2010220
2004368
1994879
2043972
1950329
2638819
2703302
1977664
2466528
1955675
2482253
2395394
2274425
1491767
1762949
2563701
2034185
2270624
2335710
2228961
2099262
2186805
2032359
2173248
2237579
1927933
1877709
2156549
2487643
2200606
2174422
2091636
2368989
2577969
2304759
2251484
2103096
2037884
1328031
2177427
2268279
2324534
2276334
2533310
1891354
2116353
1987574
2439851
2328152
2011011
2685278
2484265
2199898
2464653
2473987
2174489
2297496
2281101
2286787
2192991
2227805
1979313
2669771
2039154
2187236
2152761
2152255
2282177
2540924
1913608
2203512
2468405
2193546
2146973
2202237
2421202
2034262
2650009
2232426
2203693
2143672
2023914
2588715
2632257
1764544
1979408
2256278
2618368
2070967
2244341
2202843
2201980
2035889
2236541
2189077
2267068
