1758690
2780754
1764805
1833205
3045967
727221
2622653
1807349
1859964
1949474
1759986
2745923
2915991
2548864
2154782
2712276
2759627
1872968
2849992
1778634
1801799
2848354
2851931
2851222
2584111
1991375
1784739
1787383
2652916
1704616
2826444
2788698
2473148
1713874
2927807
481653
2750009
2839926
1772798
1817251
2515323
1741417
1885511
1167787
240683
2229903
1399438
2772305
2769559
1958326
1895329
1805792
2928609
2951817
2952627
2291892
3041294
2030298
2857679
2056973
1625865
1841901
2867523
2721969
2552894
2878336
1828818
1737240
1663702
1818108
2551365
2992525
2787739
1734591
1848240
1891496
1838215
2026085
3020400
2769601
2519329
2552482
2148204
1974141
2816273
1815671
1573942
405800
1678089
1790524
2299982
1650104
2727684
2917625
2505853
2211868
1743146
1795225
2841148
2751732
2848378
527422
1994973
2900452
2140707
2794833
1700649
2822425
2935195
2915446
2882869
1970077
2842212
1815578
2806923
2864139
2711861
2967503
1682723
1986172
1764765
1785620
1840615
2749832
1777778
1756651
3036073
2958599
2297167
1827514
2090971
1804953
1586000
1818441
1698422
2877497
1793629
2944603
1826498
2838855
1808365
1824259
2918441
2930410
2785686
1782243
2677509
2829884
1760245
2899362
1790082
2786709
2510142
1775788
2445788
2533458
1738742
1884713
1826035
749533
1755793
2704136
1825053
2835529
2944500
1883140
2273879
1802034
1059199
1682483
2835491
1673933
1847543
2437622
1782556
1783696
2867949
1099097
2992305
2774622
2579842
2788908
2107457
2800351
1899347
2885580
1820973
2948737
2508006
522394
2902152
2931509
1752842
2651352
1820833
2882504
1822072
1827698
1943839
1817148
1887110
1765917
2901765
1842598
2775022
1301941
1576057
2046999
2983577
2858849
1813306
1842336
1583215
1640994
2869334
1822631
1778733
1761984
2580035
1098625
2500031
2817010
3018006
1817662
508118
2880783
1748331
1806898
2931350
1747309
1680376
1260376
1653155
1583592
1710349
1778398
2987787
2467248
1910664
1803334
1762300
1816706
3092452
1909546
1675476
2958921
1786761
1791246
1852623
3083352
2489683
2913178
2855577
1753122
3086478
1783695
2932322
1531893
1813901
1686848
1857816
1685669
2641612
1559436
2825812
1748377
2862234
1849304
1786510
1671104
2408625
2900384
2978372
3045663
2913040
2677475
2919020
2399394
1716730
1826577
1883875
1849935
2921427
1787671
2304635
2958999
3059243
1719422
1792969
2761292
2747240
1706828
1696705
1804779
1853484
1704107
1828765
2999684
2691241
1807173
1824436
1819350
2986478
1675135
1921657
2743097
2763569
2817749
1874182
2594264
1679297
2310089
2496263
1825403
1728627
2570465
2363705
1758422
2798349
1787173
1798777
2090516
2880775
1877528
2560692
3050850
1872650
1839545
1397921
2911227
1929966
2706802
2911452
1836182
1851644
2414588
2582429
2918169
3156976
2804964
2628304
2888928
2813984
3098535
1908171
2378698
3035944
1753291
2567138
2609985
1692970
1738033
2409238
2825550
1785238
1749886
2907691
2868559
2717977
2865620
3013852
1665940
1853928
