2939490
3126141
2750908
2145330
922456
2217619
1994195
2339113
2758553
2891989
2207540
2916409
2363056
1904994
953795
1495694
3053676
2741202
2004587
2942429
2750681
1934967
1879258
2417264
2390954
2320021
1143689
1157940
3002219
2971580
2981886
3085933
3018269
1887725
2824393
2856420
2875124
809741
628193
1425586
2906875
2671758
2771672
2804608
2315456
2989827
2708205
2334004
2026999
2111238
1714605
2042119
3002219
2251420
2269686
2710634
2396135
2752826
2923699
2389368
2387231
1678289
2047027
2403297
2017340
2955708
2352500
3115835
2387009
2336927
2514241
2038644
2398500
1849045
1109280
2562647
2803136
2368671
2192540
2891744
2362841
1333976
2382519
2029478
1046344
2117304
1510583
1639138
1785666
2164554
941845
2716097
2386430
2466842
2964240
1952430
2301404
2387684
1052469
1113458
2746052
2813118
2088225
2379744
2350059
2444246
2619742
1254036
1292808
1664671
1795354
1679132
2895376
2444559
3067954
3105180
2785421
1907898
2841996
1815337
2627363
2659110
2019763
2576240
2201994
2325047
2380717
1876942
1278616
2934319
3047051
2311034
2114701
1670734
1075840
1484965
3021110
2369953
2129649
2972320
2961972
2379016
2422148
2264400
2808454
1129091
713166
2538658
3083071
2164198
3053236
2320000
2370968
2416861
2234986
2297386
2262844
3026166
1650312
2472199
3027301
1946213
3043368
2446620
2414936
2428457
2852736
2619146
1611565
2628895
1537407
2499598
1963517
2798322
2679298
2565942
2122112
2392728
2782920
1356106
2058853
2200192
1074269
1981260
2266845
2987256
3042645
2318141
2396190
2608538
2860574
2579720
2288459
1828964
1984188
2587417
2787655
2306749
2164351
2911386
2414628
2189791
2904674
1359970
2348363
2441161
1417614
2266517
2362865
1851893
2379570
2413403
2187177
2882867
2809505
1747509
2480663
1561019
1349516
2124669
2427315
2709220
2275648
2698237
2439845
2287052
2950203
2253377
1874237
2413113
1339304
2669935
2730402
2954641
1981089
2335360
2299162
2863205
2020068
2293213
2929179
2581835
1257481
2322856
2386321
2958194
2343109
3017271
2923957
2819707
2273774
2311375
1880552
2174915
1297793
2253701
2995688
2361511
2378135
2026784
2374858
2060995
2708319
2909033
2439794
2322476
1806026
2128736
2309155
2342576
2958350
2261366
2323725
2875736
2695894
1808529
2237674
2236421
1302143
1881783
3009252
2158234
2745765
2323021
2253487
2702477
2577089
2923713
2776276
1779125
1154983
2329298
2280645
2319932
2760086
2030902
2857462
2803065
2283394
2322231
2289137
2169408
1570257
2219506
2952266
2421412
2243725
2971163
2739777
2240381
2245536
2315354
2136307
2347471
1187710
2250702
2891243
824438
2887994
2997276
2256139
2976397
2773082
2827811
2286253
2034242
1247398
2237445
2997944
2695276
2076949
2657214
2804600
2470212
2255491
2311529
2142325
2287726
2257397
2644603
2043133
2356389
2295367
2541213
2367470
3024218
2985614
2706104
2261529
2428296
1949566
2674139
2352361
2942788
2926868
2331614
2387325
2326347
2323438
2903170
2317968
2095632
1132593
2606943
2780349
2324815
2676301
2748175
2371947
1942253
2260461
1136044
