3603435
3454625
2692630
1820107
1945718
3925093
1767233
1873915
1822520
3444208
1904874
1849349
3254331
2237710
3227231
3800266
3986263
1917322
1768292
3714660
3724602
1824166
3066894
3792549
3436366
3782795
3760932
3869609
2186797
3180384
1662157
3677556
2052632
2050038
1903039
3149150
3189190
3649493
3265777
2914817
3302979
3821143
3118398
3541175
1850370
3694775
3606118
3483859
3214883
3369176
1746255
3591797
3541368
1786268
3229577
1634371
1757221
2070755
3592543
2080054
1918500
1746501
1837898
2949312
1837567
3388677
1989175
3787684
2111687
3122961
2147422
1633788
1732750
3717643
3065798
2120445
2205224
3081910
3221863
3368783
2080932
2215525
1854335
1777494
2028200
1805751
2072011
1620979
2080041
1737567
2097697
2071492
3033075
1952840
3739419
2047111
1977349
1729424
3650218
3098591
1947007
2194396
1750504
3791530
1884287
1826244
1440989
2082503
3484418
1916492
2905635
2117703
1855303
3566170
3617456
3726498
2070726
3743294
3135632
2023817
3790302
3252049
3105746
2105809
1702689
3584107
1701141
3722076
3128434
2288923
3236208
1997647
1857700
1992992
1554920
3831589
3832860
3357587
2957821
2230246
1811120
2098771
3325643
3538567
1694439
751068
1627916
2069784
1862486
1781364
1813091
2149897
1740113
1872234
3217044
3730584
2043296
1803896
1979204
3209309
2366845
2001146
2168395
2112026
2837818
1500671
2076130
3436753
1767154
1962660
2140591
3634095
3138827
1868580
3223346
1767665
3819527
1651256
1952998
3545824
2099275
3250963
2975277
2031390
1959298
1991452
2875238
2114632
3808966
2108197
3854969
3120805
2061546
3097886
3024981
2159377
3557012
3723847
3795621
1708142
2052610
1953099
3453025
1697891
3763479
3660754
2152793
1727182
3315512
2056053
2153445
1829693
3676252
1695741
3555859
3045170
3732130
1977097
1648895
2737327
2095848
1671743
1712407
1805802
3396918
3393771
3718385
3564995
3464753
1776794
1903905
1702712
3001561
2112105
3339340
3151711
2424515
3566470
3238047
1866992
2047812
3464746
1997078
3814917
3125865
3045779
3489083
1988414
3791993
1879359
3561394
3831627
2446420
3413273
3179571
3118935
1632927
3676177
3072006
1992894
3581662
1923492
1951937
2798459
3031883
3793568
1925052
1668740
3490339
1960899
3228279
1926801
3168348
3686137
1692677
3512959
3018069
2939646
1662561
1694627
2916020
3266542
1831189
1815247
3198606
3422481
1971931
1762586
1843793
3547344
1792253
3759885
3090541
3816883
3059731
1720723
1979567
3470394
3272856
1909777
2059175
1654633
3220755
3004856
3771159
1725278
3453897
1887044
3796857
1766991
1839634
2947681
1999044
3601657
3744427
3835232
3396196
1892155
3630395
2117230
2782952
3226407
2020015
2121100
3149677
2013974
1909456
3589528
3227755
1723582
2009669
2044612
2754290
3698236
3047206
1743359
1837028
1761026
3142610
2051390
1955711
1869414
1883883
3066789
1526672
2593180
2468510
2958097
2613141
2385373
2334462
2889653
3407766
2265925
3620731
2768201
2017497
2009394
3080838
2887279
1939273
2885548
1740528
3299696
3073718
1906337
2018294
1839234
2001319
1681547
3810201
