3549060
3829010
3403002
2159615
1922637
1847547
3207182
1947337
2928716
835106
3293901
2929079
3452051
2326988
3215471
3046533
1982113
2783942
3209485
3442691
2395966
306138
2363137
3424536
3412214
3566366
3068497
2450155
2051085
3078517
3350073
3517798
2384128
3126659
1896657
1948738
2024940
2814547
1960029
2788676
1814222
2358359
2494267
2910058
3277566
2455626
1898007
2318267
1966029
3008708
3466599
2390424
1767423
3515536
3355787
1910793
3203590
2864171
2898947
3441877
3445542
1972187
2041704
3259886
3213627
3024738
3115047
2955817
1856904
2400882
1976910
2165583
2357960
3313895
2096773
3005851
2964160
2271278
1768378
3519477
2527615
1903315
2823498
2922891
1848778
3141567
2431851
3469696
2966655
3412168
3586845
2434938
2001348
3151578
2422033
2354855
2899811
3293899
2341703
2315463
1735737
3454302
3296107
3419651
3299004
1856529
3108935
2240767
1976801
1774429
1723314
2197341
1871026
3460648
1799368
1711261
1797531
3289394
3459878
2729613
3504494
3433373
2918072
2316470
3596605
3112508
3342910
2816766
1972795
2573428
2361904
2031708
3415314
1725202
2565817
2391835
3543112
1711179
3291266
3644594
2008906
3562943
3262318
2152910
2404540
2308768
3094870
2459947
3219219
3594424
2427129
3089092
2231341
3072421
2214179
1980360
2313456
2313542
2010830
2287895
1854069
2328402
2466532
2286835
2360207
1998250
2970612
3312000
2410018
3059435
2926827
3362073
3038801
1875717
2457894
2452866
1916301
3433784
3302446
2942512
3410276
2394810
3213897
3455790
2878161
3061579
2470150
3096455
3055127
2159597
3429926
1713843
2885993
2263664
2004079
3268851
2401883
3418073
3594468
2035788
1828176
1928175
2314794
2400002
3437308
2808658
3512905
3026242
2896401
2499165
3144778
1254990
1400661
3248344
3334917
2393820
3401644
3497967
3204234
2656642
2284517
3436777
1987919
2315345
1879074
3460338
2423122
3398712
2638043
3477972
2326846
2624847
3612243
2378683
3270289
