3030954
2593529
3018175
3167008
2811241
3223763
2925014
3014093
2962580
2707600
3118002
3107726
2967772
309259
2913294
2665940
3170175
2301254
2470913
2878963
2179364
2234947
2216006
3510958
2111608
258667
2836209
3321734
2936451
3108829
2380842
2333522
2074978
2091566
3096154
2042709
3469125
2887063
3486104
3035123
3150206
2959656
2904545
2891933
2336869
2810863
3324145
2974750
708148
3080396
2363673
2376339
3092397
2898751
2904618
3254174
3217504
2893714
2338369
2219781
2996703
2170222
2629814
3373952
3234371
2880674
3336532
3099694
3239421
2367889
2857727
2273788
2374985
2614283
2288572
2367394
2701786
2434912
3255581
3026683
2007456
2551240
3287271
1363992
2980285
2206465
3132905
3287956
3067211
2414012
2653540
2529576
3369517
2471189
2739196
3161939
2820561
750087
2153957
348389
2309550
3028319
2108506
2463319
3355951
3302178
2824430
3443104
1852759
3049305
2925096
2339112
2619631
3285260
2070327
2519771
2620724
2224766
2643263
3057617
2345090
3365095
2680813
2940620
2097609
3303253
2055474
2692845
2422248
3215527
2831762
3274021
3268452
2376196
2623173
2893519
2602244
2946889
2604415
1776149
3139746
2480218
2712971
3228767
3178164
2569412
2997823
3327710
2119205
2730104
3439290
2859530
2962777
2861183
2545088
2936269
2581249
3151347
3098563
3118939
2372001
2584653
3205557
2692111
3520280
3111879
2944165
2951437
3296893
2461935
2750176
2955488
3095473
3559093
3370899
2386889
3305162
3177353
2246252
3259980
2578225
2385986
3368272
3198484
3420965
2927897
2969250
2282154
754818
3226326
3391762
2021887
3344821
3194808
2976698
2881077
3171211
2851505
2975948
3085774
2550487
2394248
3446421
2425242
2495194
2483089
2948810
2653410
3214748
3382712
2811112
3640362
2565115
2816748
2635187
3047159
2398298
2397845
2304035
1979038
2182200
2589575
2546536
3346550
3328521
3181340
2904870
2340775
2683111
2776104
3042496
3240685
2797927
3239783
3340594
2407079
2705086
3123157
3221995
3055693
3206262
1611983
2965448
2458528
2943222
3016984
2142516
3314950
3263976
3506611
3094331
3198610
2909909
3304938
2298019
3115884
2102450
2261153
2284929
2524781
2607243
2535108
2624132
3067044
2846758
2331393
2218142
2914634
2839425
2194687
2917218
2038794
3015476
2084836
2260289
2423853
2814122
2390719
3440236
2876600
3170015
2919864
2821328
2782040
2241721
2684424
2288047
2667382
3055222
2436446
2354606
3200532
2294328
2103506
2906984
2989759
2286430
2664092
2456219
3189303
3101071
2958793
3039470
3417699
2274300
2268338
2454465
2189409
3211780
2369151
2358265
3211488
3185888
2184309
2220255
3181660
2468238
3057938
2233307
2763767
3121851
3022511
3118709
2918234
2918342
2960894
2667095
3154950
2157870
2948290
2593856
3055103
3057158
2504246
3250652
2415037
2001395
2968029
2040529
3335578
3169064
3288966
1757881
2335182
2977145
2696612
2811041
2570981
2482886
3106623
2334216
3143880
2468951
3457683
3492274
2615540
2293021
3067802
3532813
3162754
2914915
2249988
2530047
