2010513
2757292
3880187
3407968
2887411
2173625
3554066
717680
2504513
1669683
2050720
3303609
3667679
3153767
2611934
1629322
3400869
2541494
2576392
3739185
3148740
1723885
1934651
3588398
2368858
2217660
3609590
3227318
527243
2322258
2639781
2681255
3188830
2481615
2296807
3621368
3275096
2897166
2809769
3306051
652776
2980166
2232178
2495931
3614575
2616902
3507219
2626444
3828520
2941319
3498024
3548687
2720925
2596603
1767653
3054480
2910832
2742067
3530648
2698016
3473773
2937262
3313597
2653250
3624385
2245887
3104368
2480835
3747031
3693048
3157514
2397958
2818273
3666296
3208350
2400295
3386073
3140219
3659266
3291922
3665732
2943999
3775003
2581122
2815163
2593159
2572007
2568421
2972988
2628819
3538509
3622282
2784525
2934953
3024779
2181670
2764766
3741242
2472911
3446485
3729102
2896709
2664424
2836279
3189321
2823156
3615535
2810948
3233699
3108474
3128371
2897853
2073071
2871164
2987147
3530358
3173169
3089778
3554351
2795329
2501613
3578596
3006520
3171585
3100332
3388772
3788275
3455000
2986289
3638864
2508492
3555793
2845271
2747988
2607758
2861634
2368857
3820052
3705235
2441838
2943200
3650965
2596924
2995307
2777743
2901910
2937210
3158228
3407554
2601188
2254319
3047304
1753778
2640874
2626124
3165373
3277775
2654514
3057918
2879314
2648033
2570149
2562969
1667743
690509
3203333
3249915
2856323
3254138
2807028
3442938
3284204
2832615
2836625
2495841
2427497
2470323
2425494
2780568
2628409
3191493
2976280
3612528
3255411
3194140
2195635
2881538
3614755
2504256
2851847
3047636
2808908
2723980
2751843
2873996
3190207
901439
797084
2709439
2475265
2243169
2638510
3635005
3562226
1445511
992536
910245
3141876
3344557
3130909
3769045
3554456
3665810
374580
636860
1016167
2139568
3057562
3408475
3050113
3288899
2789436
3756067
2620398
1114399
602549
3735432
2663946
2633059
2628903
2572278
3188868
2896990
3759339
2543767
2741181
845413
433403
3532282
2444040
2948101
2681061
2478311
2650740
3080013
2443706
3579700
2949675
2748602
1978259
3123983
3063707
3032870
3783273
2490169
3613321
3211586
3505600
3476745
615445
1743401
3681542
3697697
3315059
2576936
2766841
2688369
2609782
3053225
2561143
2557972
2818795
756101
540574
3731505
3421218
3674237
3080412
2796982
3981083
2232100
3031079
1795894
742029
2733453
3479501
3166530
3580933
2550140
3270437
3039321
3781002
1674906
3142969
3186184
3069051
3686944
2839831
2648104
3413317
3323227
3400401
2485689
3362927
3571057
3242608
3089833
2450341
3439322
2426485
3672198
2474172
3815538
3030679
3630105
4014248
3748958
2540619
2853169
3417194
3187257
