3309940
3297761
3148865
1242119
3116036
3907183
3290172
2749597
2791220
3333579
2919842
3298921
2705473
2807438
2741972
2841135
2838338
2710702
3183642
3565395
2617519
3320605
2458942
2013173
2301426
3284368
3457088
2955889
3612950
3427163
2958755
2823885
2747186
2653287
2532178
2993107
2845547
3407858
2825677
3792156
2768315
2732783
3309222
2765802
3168801
2947126
3502605
2717521
2744719
2902094
3226734
3464344
3435143
2900392
3536606
2843672
3433699
2745372
3295129
3455539
3630155
2826597
2691862
2216123
2337146
3356929
3454631
3102222
2675228
2609898
3111734
2816903
3378781
2799384
2084031
2047553
2706406
2872461
2989097
3370215
2706241
3662453
3601212
3170700
3109067
2486044
1694078
2450257
3248054
2773564
2918417
2761016
3283111
3458907
2576473
1873884
3225359
2824706
3341045
3582463
3400246
2818945
3083237
3206930
3659595
2568125
1963810
2470908
2894184
3276016
3264035
3648805
2775745
2760253
3345843
3491057
2780942
2928421
3152455
3558530
2839566
2719433
3477742
3024304
3327829
3564294
2839156
3064348
2679160
3570094
3367822
2905537
3522681
2874323
3419354
2789372
2761082
2661773
2732654
3469225
2900110
3469924
2918520
3624838
2869390
3501621
660026
2533853
2116153
2941765
3508017
3141361
2969544
3295751
3277447
3409363
3411216
3746224
3652945
2735300
3531396
2726278
2918310
2879697
2663374
2702791
3227066
3538876
3380043
2888671
2794133
2959733
2651788
1178307
3468525
3474582
3623512
3278670
2756578
2811648
2774891
2820669
2854266
2878973
1992129
3426552
3546315
2800767
2903654
2810348
2644685
2894167
2825679
2785133
3490290
2514684
3515362
2958261
3565979
3517823
2737369
3556291
3001886
3458890
3442119
3522041
2740955
2781403
2991640
2822262
903694
3625066
2638313
3487044
3499732
3676028
2976321
3367443
2611397
2920302
3194645
3385581
3359755
3114141
3300878
2619827
2838826
2932278
2904584
1208766
2581556
3382900
2905681
2801737
3354062
3383695
3118183
3345427
2799215
2868424
2928177
3170240
3148727
3005885
2823493
2740711
3041734
2669346
2769457
594658
2964304
3375688
2972511
3441740
2053203
3700370
3182022
3454880
3103732
2926122
1612519
3300978
3134688
3539813
3602708
3064710
3451938
2602936
3650709
3702778
3442824
2800908
2507080
3089072
3468769
3210653
1915219
2743934
2728071
3162896
3340970
2786499
2739100
3197836
2654922
2823683
2843035
3347056
2885708
2912252
2655386
2836448
3380287
3101604
2799098
3233710
