3472175
2858898
3721554
3486891
3198623
710820
3491572
3082291
3082216
3358529
3157554
2372170
3436156
598454
3097039
3479957
3115484
3654294
3345705
3349627
3371280
3811028
3822681
3875979
2294279
3441533
3304812
3096073
2908911
3235039
3485308
3307584
3462031
1917110
3084147
3117814
892195
3449854
3180745
681997
3765709
2921580
3467328
3171515
3480716
3127840
2960557
3166857
3057091
3433966
3337306
3496937
3565588
3823763
3593957
3351157
3653812
3498544
3244385
3408942
3079753
3043073
3704092
3142361
2992674
3264487
3433929
3029648
3167505
3695262
3608273
3084160
884168
2981213
3094037
3186149
3504780
3747313
3643905
3344684
3466201
3756021
3125143
3506441
3003075
3266767
3496689
2948557
3766942
3936529
3523995
3550240
2985886
3250643
3501994
3529399
3433306
3467731
2822228
3385403
3479243
3156210
3134521
3763793
3091178
3739281
1656482
2911349
3239634
3332567
3045671
3535781
3502777
3066712
2909437
2844787
2987265
3595784
3149738
3576312
3695177
3273475
2971609
3063328
2720632
3359111
3018945
3411004
3113940
3451876
3813083
3392046
2848320
3527121
3709038
3062868
3022815
3504617
3710154
3445233
3245972
2721654
3509217
3306849
3798303
2944056
3215084
2921391
3234100
3387893
3559469
3767781
3656358
3582496
3279973
2763799
3516988
3021058
3145777
3254953
3368676
3616174
3299453
3449427
3255989
2819189
3474760
3783399
3329522
3682508
3475252
3455527
3158949
3119109
3234825
3389191
3850375
3349073
3013106
3517279
3352841
1030596
2739938
2986891
3167844
3123740
2811451
3335275
3498614
2815469
3129385
3118637
3004366
3352387
3332498
3298882
2885734
3054620
3278129
3374919
3612646
3664580
3088765
2983909
1589134
3571402
3153852
3231922
3025825
3132425
3540316
3461906
3388443
3177249
3356298
3676971
3468306
3354774
3368516
3435475
3539786
3294968
3404455
3599319
3170502
3693586
3071045
2808710
2882137
3490298
3341949
3170173
3666580
3811181
3477091
3290174
3133656
2912728
2703315
3112155
2680550
3314854
3359226
3088984
2787821
3287184
2243313
3156693
3528691
3276412
3777338
3329526
3181642
3261783
3471627
3845482
3236726
2888376
3643817
2874518
3351521
3365289
2744326
3384736
3057400
3237857
3029004
3336809
3369197
2964289
3135222
2045549
3710373
3334911
3434773
3330665
3386602
3648773
3144136
3525483
3653536
3289890
3639316
3024644
2945254
3069993
2755747
3390981
2458287
2482591
3365271
3306934
2821721
2228025
3923845
3324246
2991213
3257947
3643639
3169161
3154495
3302756
3430031
3320332
3552566
3152455
3010659
3032043
3162835
3055537
3463315
828842
3654918
3049253
3226114
2971306
3134954
3243931
3325378
3551576
3091808
3423733
3563002
3688384
3397174
3800030
3029947
3633958
3104708
2970260
3187402
3527835
3254862
3558458
3532709
3429730
3648709
3210573
3482278
3128704
3326903
3732844
3609036
3001499
3042513
3034117
3729856
3262663
3682238
3230457
3222830
3437194
3061167
3509557
3218412
3070469
3618880
3273185
3043361
3428357
2578583
3795820
3185497
3475955
3550029
2919238
3547295
