3130433
3801566
3845109
3278957
4270911
4512294
3774565
2077492
3013548
3622171
4434494
3835875
3140599
4161606
4432736
3091458
3890316
3140903
3944799
4250492
3077048
3097502
4062798
4329354
4037843
1843755
1613460
3249771
4098445
3190304
3829480
4004944
3429368
3340916
4122812
3083745
3197134
398555
4013428
3111714
3802350
3178036
3945110
3114676
3801466
3672108
3703019
4176797
2783268
3879448
3124550
3854141
4548860
2988745
4362138
2964847
3198679
2903714
3943853
3117302
3847658
3601648
3663018
1830108
4225162
3860009
4067997
4027265
3693868
2843818
3967604
4515127
3130517
2415979
4101703
2890126
4368297
3144660
4227600
4409719
3891469
3664029
3533849
2870800
4158175
4299020
3903586
3630416
3736620
4171684
3839776
2975819
3796139
3130911
3878377
3482912
3176720
3281917
4142080
3248412
4100771
3898027
4042929
3527014
2898050
1609894
3264645
1162082
1398106
4507456
852958
1134351
594762
3373678
4467772
1420147
3247677
1821552
2366993
2270162
1943233
1674189
1621545
3928019
1696719
2899177
897110
707218
597384
2784999
1114842
2048188
1983865
1585181
3045456
2252030
4126861
3111249
2899761
3935293
3960976
3894038
4039465
3008609
4318546
4318700
3155595
3966247
4055887
2740397
2905025
3896993
3193363
3325374
3073987
2939248
3706020
3847682
2929173
4218273
