2535789
4267005
2314477
2571710
2789121
4437205
2539208
3009972
4660134
3108428
4452179
3830991
4238617
4138638
3195078
3093376
3041805
4272372
3228073
2977217
3086562
3957102
3231631
4094979
2566363
4398091
3188209
4394988
3143399
2568767
4237012
4176897
3008743
2564001
3097015
4610443
2476868
3460957
4578632
3113771
3852399
4148357
3456534
3492696
4353452
4399692
2980272
4415817
2960040
3261308
3888414
4519089
3899655
3061675
4230563
4330537
2477157
3846496
3147419
4433437
2473306
3249411
3330935
4187714
2924621
4693118
3489661
2625579
4799446
3177361
4355855
3229693
4022976
3710003
2554311
4337004
2830650
4207363
2923920
4958163
4080701
2218637
2711292
3095068
2970140
3469911
2531499
3503532
2853687
4274114
3077753
3489025
1989095
3424700
2570721
4426910
4221103
4437522
4047923
527243
4164957
2953729
2891712
2037744
1100220
4448321
2963665
3719614
4029997
3852429
3550949
4685561
4585071
2515788
4467859
2859887
4656129
4275352
2757756
2547440
4212642
2585577
2792700
3016772
3150670
4387169
3037510
3898968
2539886
2564013
3047997
2528452
2437663
3090181
4117874
3163274
3071531
3412413
4867232
3249737
3111550
4259258
2603986
3007751
3467402
4047758
2652896
3135954
2630925
2995336
2627625
2627854
2985445
4508233
2983292
4112539
3497797
2853035
3141818
2597620
4610061
2604149
4133178
3332347
3591751
2443489
3450171
4250190
3071013
2716637
2698747
2990372
4178598
3486616
3188122
3019930
2926463
2618689
4208585
3040963
2741829
2976074
2798126
2924444
2554245
4217597
4234363
3441098
3791904
2705358
4753091
2567306
2612388
3629901
3251809
3136586
3229077
3047629
3218930
2672037
3039571
3087425
2496358
4357299
2576072
3838166
2562783
2534336
3114610
2553772
4196466
3525258
4260264
3481347
2186938
2631362
3777692
3722299
3954383
2986214
2689364
2578060
4117613
3055154
2081523
2840182
4272469
3369726
2615138
3375888
2565215
2733076
3170830
4136276
4684806
2570959
3515973
3932198
3020206
2975132
3074500
3093906
4092599
2496292
3058068
1541668
4302278
2626689
862802
4261614
4713372
4166769
2668466
3023794
2603166
3459855
2313707
3158859
3435796
2942050
2947156
2192222
4782941
4279889
3883386
2606097
3462319
2617503
2375056
2858259
1794575
4078307
3441111
2627501
3622242
2648766
3521550
2942882
4194154
3432164
2634466
4418941
3241932
2316388
4607423
2556039
2578032
4041370
2554433
3857612
3661299
2333336
3362307
3010965
4274855
3036604
4899355
2604129
3274404
2608305
3175224
3077633
4006411
3388122
4414350
2519890
3468846
2811162
3436521
4050365
2614647
4283069
2567634
4306905
4451853
